function [A]=haar(I)
M=[1/8 , 1/8 , 1/8 , 1/8 , 1/8 , 1/8 , 1/8 , 1/8;
   1/8 , 1/8 , 1/8 , 1/8 ,-1/8 ,-1/8 ,-1/8 ,-1/8;
   1/4 , 1/4 ,-1/4 ,-1/4 ,   0 ,   0 ,   0 ,   0;
     0 ,   0 ,   0 ,   0 , 1/4 , 1/4 ,-1/4 ,-1/4;
   1/2 ,-1/2 ,   0 ,   0 ,   0 ,   0,    0 ,   0;
     0 ,   0 , 1/2 ,-1/2 ,   0 ,   0 ,   0 ,   0;
     0 ,   0 ,   0 ,   0 , 1/2 ,-1/2 ,   0 ,   0;
     0 ,   0 ,   0 ,   0 ,   0 ,   0 , 1/2 ,-1/2;];
N=M*(I');
A=M*(N');
end