function [A]=RETURN(I)
M=[ 1, 1, 1, 0, 1, 0, 0, 0;
    1, 1, 1, 0,-1, 0, 0, 0;
    1, 1,-1, 0, 0, 1, 0, 0;
    1, 1,-1, 0, 0,-1, 0, 0;
    1,-1, 0, 1, 0, 0, 1, 0;
    1,-1, 0, 1, 0, 0,-1, 0;
    1,-1, 0,-1, 0, 0, 0, 1;
    1,-1, 0,-1 ,0, 0, 0,-1;];
B=M*(I');
A=M*(B');